pval =

   0.8414710
   0.1411200
   0.9589243
   0.6569866
   0.4121185
   0.9999902
   0.4201670
   0.6502878
   0.9613975
   0.1498772
   0.8366556
   0.8462204
   0.0010000
   1.0000000

yval =

   1
   0
   0
   1
   0
   0
   0
   1
   0
   0
   1
   0
   1
   0

